28067	14079
29575	7255
17509	30030
30429	14686
4482	29634
31082	7818
32134	6684
20291	5189
6554	25505
5796	17404
12361	28161
5021	10326
22288	6635
6778	17713
3240	6509
13555	25441
28690	2060
28184	19495
23654	26791
28923	16499
30044	9484
26138	10202
28823	27479
15251	13141
10165	1295
17414	28607
16152	1023
22601	1036
28017	24788
26575	5962
12305	26491
9173	6746
30703	3384
12626	29035
7032	3206
3484	14650
6426	25266
4570	9226
30350	2870
16685	10853
18665	5334
19869	2961
12642	27772
32710	22993
23265	31188
27967	3681
17484	27047
10701	24878
25488	16888
24396	24665
28017	7136
30809	874
19986	7978
18880	13908
7748	7086
26281	6189
8591	23662
2945	27050
6401	4210
19369	26460
30392	25955
28129	2988
15921	12266
9075	29847
7503	15814
1567	26922
2603	11696
2250	15037
29086	26862
18149	32239
17039	6841
24222	22373
25085	16720
16841	22593
21451	13528
10637	9828
9295	16378
6351	27748
24217	9787
6494	19788
7043	13338
8163	22550
30077	13547
17030	14057
27925	27254
11873	5651
2633	25167
1958	32452
18061	17651
8335	8592
2970	31399
13064	19619
21245	16913
2335	2497
12891	5267
16423	8197
24709	29803
4783	30037
32575	139
21798	2984
13776	27193
4427	5623
26697	10343
27734	24836
6038	1232
17384	3022
13894	24279
11699	19407
32282	16414
17897	14587
4687	7913
30822	23929
31403	27185
12444	1312
17225	15240
7234	2224
19749	19120
27836	4309
7015	32505
17225	3292
10608	14942
13295	22834
5541	14942
2854	20897
11518	10908
16967	19274
9037	17718
20146	12898
1103	7397
14274	18349
10612	27865
8050	14778
16494	2642
10700	5603
11899	21502
28437	19715
23667	15125
25786	18422
14225	16950
26872	18386
29441	3584
23887	3558
22061	25457
31652	1911
9159	12286
21049	31029
26006	30582
4685	26239
10498	17303
7570	12379
30814	29037
32339	10291
7415	30830
13922	4688
30176	1879
4291	21528
28539	4804
25113	18951
26568	12690
25556	367
2925	25333
5656	20975
30601	6744
21612	4789
11321	11512
2343	26483
7142	32063
11163	24866
25429	32737
29950	28281
30316	30392
30748	22572
19909	32096
1983	17637
24820	17298
6105	259
31129	4417
1400	1557
11044	28790
29031	32277
31595	6380
6563	15972
2029	31083
23940	30346
13284	31461
22695	3754
11020	22865
16542	29126
17718	11851
29015	16312
5771	2408
21581	8940
14497	12891
3696	17886
6208	28873
8405	9303
21489	30188
26653	13415
30538	17385
9895	8993
7932	12018
1397	8473
20889	21531
14303	31390
6438	8701
11770	30648
10597	20237
453	16352
7903	22970
2841	15746
8883	28232
17999	15667
32545	20079
31150	17586
28885	5810
17819	23968
16629	32129
2944	20479
29673	26638
22392	2156
6381	28911
14527	9756
1624	15480
13532	27800
3753	14038
16779	5432
31319	6124
29036	15457
21077	18669
16238	26238
18279	1982
9466	22719
16935	25609
26335	16788
26582	29216
17664	27880
8164	20376
30911	30
26173	21922
11816	31180
30297	5416
25566	28986
6914	30891
24006	20889
12004	10207
5749	3331
6614	2307
23386	822
22251	31746
32683	6160
20279	11084
21008	13770
5473	3697
16658	14068
19949	31362
23106	29748
20550	23591
4137	29118
19598	30592
29427	26771
550	18877
18394	10105
21244	26748
11091	1981
16279	31461
10747	29099
6116	10375
31808	11466
27838	6641
20688	30680
3647	26384
20929	9352
8905	3916
20613	13054
8914	22369
17548	10502
17779	10494
2230	8472
10672	20511
895	19724
18565	12842
9705	26781
31669	23243
27944	22431
9554	31377
21264	27648
17419	13125
22847	3968
56	19982
6922	19760
32167	14150
4648	30380
32292	23578
31264	24856
8394	17892
32372	30171
18957	3912
8075	4894
131	3856
31327	30723
19061	21704
24299	14502
22569	21273
24914	30164
1773	21478
20943	21646
2275	4648
18272	28988
15760	5514
10546	19121
1827	11203
25291	24802
10373	7095
12025	870
30756	28237
9598	2989
29567	26894
30584	32512
32626	5762
1682	21564
24895	30795
17133	22862
15456	16126
31692	29805
8463	9157
3842	15642
30609	16309
8987	10457
21574	31984
22605	18349
114	32122
7197	19540
17353	5084
3025	23623
15036	10619
4505	25456
17798	11957
10364	26537
23541	28865
29443	6137
20985	28995
4264	5005
22766	7090
24061	9336
18857	29802
2973	27178
836	7568
14291	12210
27306	19881
30475	27059
22241	5113
30461	6184
30234	1693
10387	2007
30586	13928
7326	12182
1446	1149
32573	9537
24081	13745
24073	26230
4357	24478
9473	28951
13938	2950
32313	26493
9082	10990
65	15484
27832	14839
22358	8987
16724	11131
21835	15888
27335	31467
5173	19198
32111	32747
6105	17773
1490	24490
6615	15757
16050	14339
27795	24234
7125	24661
8423	24942
13713	23586
23177	26074
24857	23402
32574	28931
394	25797
11452	2700
23989	1347
8544	13799
1706	8708
916	17227
6921	18326
13310	13428
29448	4881
5737	12573
323	4340
32116	18238
29767	11710
9468	29445
25821	5196
26443	10902
7446	5622
6397	27011
17435	30823
14262	30730
31409	17728
22406	27153
13455	30572
31511	4578
23135	8769
17052	25254
150	28252
7545	32419
16116	2105
27314	27957
29914	23701
13333	13454
1615	16003
28711	21293
24016	21328
30416	21791
16091	24600
5318	249
13626	21797
27065	22672
11536	13067
32067	27007
32677	9604
13966	10582
241	28684
8899	22946
23018	2107
13878	12193
15245	31206
29778	15298
13998	28918
10822	19678
17537	1283
10348	19257
19428	8888
9854	18231
12146	12006
15991	14302
12360	16228
10826	9487
12693	1454
12358	14724
10468	18233
27204	30857
18217	32663
21398	4986
9869	2127
18863	6912
2297	25210
27538	2058
29540	32285
1020	22669
12765	6986
27216	15356
4183	8437
1606	2950
21560	1431
25171	2579
17056	9605
30936	10236
16249	8973
10250	18060
20803	11349
30884	14139
5533	17140
9038	29348
29330	24909
203	17227
4265	6576
20710	24593
27051	2863
1050	12915
30770	18496
29700	17542
21494	2839
13961	4787
18135	21440
30663	15666
9898	19456
1724	21831
32707	3306
185	16959
23623	8768
18309	31274
13358	26511
11856	2645
21019	6920
2398	11150
14555	16928
3183	24087
21951	15335
9200	18790
2970	7465
13540	23459
25240	12871
28561	25822
26821	17106
8426	10771
3929	29421
11968	11232
4293	24159
10919	7424
11134	18811
10153	17551
15756	944
16045	18428
3281	22510
28069	6349
18458	9920
15739	534
3303	1570
23225	4535
32251	807
3322	22872
13986	24908
14612	17190
9925	29593
23042	30282
9134	27517
7316	1838
14748	14695
2517	28527
2566	23332
27712	2464
17071	13307
23458	3269
31087	19082
7117	17290
30907	2143
14849	31558
18681	22358
5403	26292
646	14517
15483	28779
13443	12808
20918	14627
27747	11197
22785	15782
10805	7552
9304	24727
19890	9301
17777	21478
18438	24182
12900	7695
7775	10482
2327	14101
2358	6914
7531	31042
15456	23338
15912	24987
9171	10772
23721	23589
8505	16172
839	6107
5686	21242
18054	7786
18298	29507
7426	11186
25733	31967
18967	253
16445	22361
18259	12285
1585	20040
22684	6536
30891	9328
14113	7186
888	15512
32515	11758
12150	29737
19391	24388
17122	2955
12130	32721
6751	14399
28779	25697
1733	15548
14974	2062
15279	8715
11726	1334
6851	28449
31048	8765
26559	31232
27520	28168
12617	11916
9820	10292
31347	26414
24962	28954
28944	13098
26499	32132
15545	9921
14788	18988
12957	4358
1840	2808
31244	13185
24992	20984
28099	22405
24069	10779
17909	23889
2907	8628
22302	8425
27725	177
29063	20658
24488	9877
11671	4560
9090	19514
12512	3648
24359	9545
14309	18612
24518	7541
28845	21042
29664	11642
29193	15723
4460	985
23460	27612
13003	32080
27343	4262
5742	10523
4105	1326
19785	21741
20817	19316
17398	23725
1324	23092
12970	14833
12917	3775
8152	3899
8424	24726
24999	10998
26221	13003
18964	15918
32036	24344
27111	17171
11828	22204
5719	20268
23892	29977
7548	19802
277	24591
21881	23444
21494	4630
29285	18524
2598	27165
20222	27651
6167	23846
5133	22946
21959	9630
27287	9172
2765	3197
9416	12596
12070	10274
2464	23706
27837	11500
12122	23828
11708	11160
4257	12710
17301	22877
18546	3266
29391	15817
8399	31622
28561	25177
24617	17592
5871	24539
395	15233
28920	25988
17286	492
18300	5585
14816	30494
23965	21790
19963	19795
5148	26119
23047	925
1633	28546
19175	16219
27719	18617
29924	16762
19630	9896
1812	29550
19646	1915
18824	18415
10235	30629
4664	27508
7437	3264
7343	112
23373	12839
12407	25423
15631	9045
16962	12847
23218	12284
31709	5215
17000	9701
22229	32152
24774	31882
13798	26877
26123	7797
10535	18388
13360	27735
18680	8194
8628	21991
21415	5704
7460	9344
31205	24640
32108	21369
1515	23061
2784	4676
18795	15365
3338	19526
32313	11160
26929	21112
1462	9374
7598	705
13056	30185
9710	2322
3035	19919
4934	5695
11358	4702
26234	10401
14685	350
30219	17004
3482	21512
27972	10705
3499	25223
12291	3795
20137	818
12104	13033
31645	8583
31359	28248
9643	18663
6541	12111
27388	7955
31644	20159
8301	2666
1703	22273
27129	32736
5060	6181
28134	13502
25653	9755
3762	12316
23341	7300
22461	30750
2146	17494
2227	22257
20310	30514
27583	29572
14182	23685
25201	14855
12431	23648
21867	20516
22787	25624
29391	4352
3952	22685
26473	19696
24075	21147
32411	18683
2655	82
21772	14868
21975	18742
2576	14356
15116	3910
7125	25721
13263	10796
23123	16609
21494	30745
7409	28996
17639	8287
9976	26100
28134	25547
26296	10582
21790	5832
31612	19806
1392	8501
11823	13516
1279	8193
18635	13352
10360	1164
30853	18046
20258	19901
9914	20954
21417	14051
29847	14210
15786	30797
17803	11254
32766	30120
1134	4776
20422	30235
3950	22907
24635	16932
30398	4093
3890	17200
31229	13925
20082	253
28774	75
21942	6320
1981	1834
27008	2485
1525	10390
17060	29786
31138	3132
25232	9771
1313	3486
24668	4107
12425	1420
31381	535
28240	12129
31177	18746
16061	9731
12242	2704
7697	13464
8163	30844
10613	30472
6996	15752
9890	1591
24365	14591
23122	11263
32372	26956
22890	23280
9526	8209
16612	26055
88	23559
126	12975
22043	25752
9252	26170
7024	830
18462	16925
4609	30361
9210	13230
15099	31571
22583	19999
10909	1716
27318	11384
2178	3844
7649	30550
18606	32164
3736	2661
26970	9963
17632	30110
16768	25537
9034	22081
11301	10494
24869	17298
7273	14464
31587	19283
26191	18446
18508	14852
18509	14832
6628	10973
403	17226
6941	7047
283	7228
21437	32670
31093	5563
32525	4072
25936	12590
8519	20818
18631	5576
1981	4014
15217	32680
8137	18479
1831	1202
20600	16288
26516	19243
17141	16487
13950	3607
17847	15421
4310	2898
13930	19883
16512	14192
7839	21827
30435	21334
28466	11940
9264	16277
1663	14635
30579	10634
27972	12409
21339	28214
30292	4265
17353	20190
11521	590
16411	21346
15943	2607
17973	30302
18616	30914
6740	30466
16171	21865
14226	27825
18980	16750
15671	30812
21506	3776
25798	12189
11243	1643
19652	7571
27512	6873
9287	30080
2847	458
834	21283
20836	29204
31634	9430
2239	284
11975	7016
10316	23568
29875	15288
23349	22762
24245	28182
4831	6948
9155	10073
4055	18491
16696	1984
3451	2022
23651	2954
31848	19475
12491	10579
30631	7334
5956	31285
24727	25329
29107	18330
19864	28913
1952	6883
14204	16462
8064	10938
4526	9489
24768	16951
14624	28707
19089	32182
26102	15753
19318	31091
3060	27233
17807	19946
21928	28315
2979	30192
9815	5752
8943	31377
20136	22468
21936	168
24594	16083
25202	5185
19207	12093
21527	19887
13277	29785
20134	11372
10881	23930
23769	17331
12506	25068
2660	5343
15358	2221
22279	13185
7191	4075
20051	3908
30484	4162
20539	32642
16911	6066
22114	27810
25985	30817
16926	13112
30760	18198
32591	7386
15539	17777
2019	2755
20019	13292
5156	11818
10050	18322
968	27232
28657	16257
19383	15532
15987	22049
29850	17894
13963	2593
30248	20950
13237	31542
31535	30794
27159	22162
23140	13305
10789	3878
20460	2842
13079	23960
17319	9668
16396	17411
10303	28164
15355	4466
16115	5568
18526	8474
19492	7758
669	20825
2204	15828
13371	28274
23457	15966
22978	3334
10686	12992
11375	4177
17484	7473
6814	22570
17859	25508
23284	21177
26307	11749
1614	28149
6112	2425
25709	9445
27696	28466
22365	9362
8342	1684
4522	17614
